{
 "cells": [
  {
   "cell_type": "code",
   "execution_count": 1,
   "id": "27361e5f",
   "metadata": {},
   "outputs": [],
   "source": [
    "import pandas as pd\n",
    "import numpy as np\n",
    "import matplotlib.pyplot as plt\n",
    "import seaborn as sns\n",
    "from functools import reduce\n",
    "from matplotlib.colors import LinearSegmentedColormap\n",
    "%matplotlib inline\n",
    "pd.set_option('display.max_columns', None)"
   ]
  },
  {
   "cell_type": "code",
   "execution_count": 2,
   "id": "0e74b090",
   "metadata": {},
   "outputs": [],
   "source": [
    "#bring in data\n",
    "human_df = pd.read_csv(\"../Data/human-development-index.csv\")\n",
    "happiness = pd.read_csv(\"../Data/happiness-cantril-ladder.csv\")\n",
    "\n",
    "cancer_death = pd.read_csv(\"../Data/cancer-death-rates.csv\")\n",
    "cancer_incidence = pd.read_csv(\"../Data/cancer-incidence.csv\")\n",
    "dalys = pd.read_csv(\"../Data/dalys-rate-from-all-causes.csv\")\n",
    "life_exp = pd.read_csv(\"../Data/life-expectancy.csv\")\n",
    "mental_health = pd.read_csv(\"../Data/mental-health-share-of-total-disease-burden.csv\")\n",
    "air_pollution = pd.read_csv(\"../Data/death-rate-by-source-from-air-pollution.csv\")\n",
    "vac_prev_death = pd.read_csv(\"../Data/deaths-caused-by-vaccine-preventable-diseases.csv\")\n",
    "health_ins_cov = pd.read_csv(\"../Data/health-insurance-coverage-in-the-us.csv\")\n",
    "death_risk = pd.read_csv(\"../Data/number-of-deaths-by-risk-factor.csv\")\n",
    "suicide = pd.read_csv(\"../Data/suicide-death-rates.csv\")\n",
    "inf_disease = pd.read_csv(\"../Data/the-number-of-cases-of-infectious-diseases.csv\")"
   ]
  },
  {
   "cell_type": "markdown",
   "id": "d5b46fbd",
   "metadata": {},
   "source": [
    "# Clean and Transform Data\n",
    "Filter for the Country (maybe the year as well)<br>\n",
    "Sort values for readability <br>\n",
    "Insert the 'start_value' column, to get the 'score' calculation <br>\n",
    "The 'score' value represents change from the 'start_value'. Calculated by subtracting the current value from the 'start_value'.<br>\n",
    "Reduce columns <br>"
   ]
  },
  {
   "cell_type": "code",
   "execution_count": 3,
   "id": "cfaa78c0",
   "metadata": {},
   "outputs": [],
   "source": [
    "#filter and clean the hdi data\n",
    "human_df_clean = human_df[(human_df['Code'] == 'USA')&(human_df['Year'] >= 2006)&(human_df['Year'] < 2018)]\n",
    "human_df_clean = human_df_clean.sort_values(['Year'], ascending = (False))\n",
    "human_df_clean.insert(4, 'start_value_human', 0.901)\n",
    "human_df_clean['score_human'] = round((human_df_clean['Human Development Index (UNDP)'] / human_df_clean['start_value_human'])-1,4)\n",
    "human_df_clean = human_df_clean[['Entity', 'Year','score_human']]"
   ]
  },
  {
   "cell_type": "code",
   "execution_count": 4,
   "id": "eee75eae",
   "metadata": {},
   "outputs": [],
   "source": [
    "#filter and clean happiness data\n",
    "happiness_clean = happiness[(happiness['Code'] == 'USA')&(happiness['Year'] >= 2006)&(happiness['Year'] < 2018)]\n",
    "happiness_clean = happiness_clean.sort_values(['Year'], ascending = (False))\n",
    "happiness_clean.insert(4, 'start_value_h', 7.181794)\n",
    "happiness_clean['score_happy'] = round((happiness_clean['Life satisfaction in Cantril Ladder (World Happiness Report 2019)'] / happiness_clean['start_value_h'])-1,4)\n",
    "happiness_clean = happiness_clean[['Entity', 'Year','score_happy']]"
   ]
  },
  {
   "cell_type": "code",
   "execution_count": 5,
   "id": "0d45b297",
   "metadata": {},
   "outputs": [],
   "source": [
    "#filter and clean cancer death data\n",
    "cancer_death_clean = cancer_death[(cancer_death['Code'] == 'USA')&(cancer_death['Year'] >= 2006)&(cancer_death['Year'] < 2018)]\n",
    "cancer_death_clean = cancer_death_clean.sort_values(['Year'], ascending = (False))\n",
    "cancer_death_clean.insert(4, 'start_value_cd', 139.857968)\n",
    "cancer_death_clean['score_cd'] = round((cancer_death_clean['Deaths - Neoplasms - Sex: Both - Age: Age-standardized (Rate)'] / cancer_death_clean['start_value_cd'])-1,4)\n",
    "cancer_death_clean = cancer_death_clean[['Entity', 'Year','score_cd']]"
   ]
  },
  {
   "cell_type": "code",
   "execution_count": 6,
   "id": "66963663",
   "metadata": {},
   "outputs": [],
   "source": [
    "#filter and clean cancer incidence data\n",
    "cancer_incidence_clean = cancer_incidence[(cancer_incidence['Code'] == 'USA')&(cancer_incidence['Year'] >= 2006)&(cancer_incidence['Year'] < 2018)]\n",
    "cancer_incidence_clean = cancer_incidence_clean.sort_values(['Year'], ascending = (False))\n",
    "cancer_incidence_clean.insert(4, 'start_value_ci', 1279.477805)\n",
    "cancer_incidence_clean['score_ci'] = round((cancer_incidence_clean['Incidence - Neoplasms - Sex: Both - Age: Age-standardized (Rate)'] / cancer_incidence_clean['start_value_ci'])-1,4)\n",
    "cancer_incidence_clean = cancer_incidence_clean[['Entity', 'Year','score_ci']]"
   ]
  },
  {
   "cell_type": "code",
   "execution_count": 7,
   "id": "af0ca0d1",
   "metadata": {},
   "outputs": [],
   "source": [
    "#filter and clean dalys data\n",
    "dalys_clean = dalys[(dalys['Code'] == 'USA')&(dalys['Year'] >= 2006)&(dalys['Year'] < 2018)]\n",
    "dalys_clean = dalys_clean.sort_values(['Year'], ascending = (False))\n",
    "dalys_clean.insert(4, 'start_value_d', 24784.593979)\n",
    "dalys_clean['score_d'] = round((dalys_clean['DALYs (Disability-Adjusted Life Years) - All causes - Sex: Both - Age: Age-standardized (Rate)'] / dalys_clean['start_value_d'])-1,4)\n",
    "dalys_clean = dalys_clean[['Entity', 'Year','score_d']]"
   ]
  },
  {
   "cell_type": "code",
   "execution_count": 8,
   "id": "7f3e69ba",
   "metadata": {},
   "outputs": [],
   "source": [
    "#filter and clean life exp data\n",
    "life_exp_clean = life_exp[(life_exp['Code'] == 'USA')&(life_exp['Year'] >= 2006)&(life_exp['Year'] < 2018)]\n",
    "life_exp_clean = life_exp_clean.sort_values(['Year'], ascending = (False))\n",
    "life_exp_clean.insert(4, 'start_value_le', 77.892)\n",
    "life_exp_clean['score_le'] = round((life_exp_clean['Life expectancy'] / life_exp_clean['start_value_le'])-1,4)\n",
    "life_exp_clean = life_exp_clean[['Entity', 'Year','score_le']]"
   ]
  },
  {
   "cell_type": "code",
   "execution_count": 9,
   "id": "f0608da5",
   "metadata": {},
   "outputs": [],
   "source": [
    "#filter and clean mental health data\n",
    "mental_health_clean = mental_health[(mental_health['Code'] == 'USA')&(mental_health['Year'] >= 2006)&(mental_health['Year'] < 2018)]\n",
    "mental_health_clean = mental_health_clean.sort_values(['Year'], ascending = (False))\n",
    "mental_health_clean.insert(4, 'start_value_mh', 8.112356)\n",
    "mental_health_clean['score_mh'] = round((mental_health_clean['DALYs (Disability-Adjusted Life Years) - Mental health disorders (Age-standardized percent)'] / mental_health_clean['start_value_mh'])-1,4)\n",
    "mental_health_clean = mental_health_clean[['Entity', 'Year','score_mh']]"
   ]
  },
  {
   "cell_type": "code",
   "execution_count": 10,
   "id": "5394348c",
   "metadata": {},
   "outputs": [],
   "source": [
    "#filter and clean air pollution deaths\n",
    "air_pollution_clean = air_pollution[(air_pollution['Code'] == 'USA')&(air_pollution['Year'] >= 2006)&(air_pollution['Year'] < 2018)]\n",
    "air_pollution_clean = air_pollution_clean.sort_values(['Year'], ascending = (False))\n",
    "air_pollution_clean['total'] = air_pollution_clean['Deaths - Ambient ozone pollution - Sex: Both - Age: Age-standardized (Rate)'] + air_pollution_clean['Deaths - Household air pollution from solid fuels - Sex: Both - Age: Age-standardized (Rate)'] + air_pollution_clean['Deaths - Ambient particulate matter pollution - Sex: Both - Age: Age-standardized (Rate)']\n",
    "air_pollution_clean.insert(4, 'start_value_ap', 26.494357)\n",
    "air_pollution_clean['score_ap'] = round((air_pollution_clean['total'] / air_pollution_clean['start_value_ap'])-1,4)\n",
    "air_pollution_clean = air_pollution_clean[['Entity', 'Year','score_ap']]"
   ]
  },
  {
   "cell_type": "code",
   "execution_count": 11,
   "id": "a4bb9874",
   "metadata": {},
   "outputs": [],
   "source": [
    "#list to make totaling easier\n",
    "vac_list = list(vac_prev_death)\n",
    "vac_list.remove('Entity')\n",
    "vac_list.remove('Code')\n",
    "vac_list.remove('Year')\n",
    "#filter and clean vaccine preventable deaths\n",
    "vac_prev_death_clean = vac_prev_death[(vac_prev_death['Code'] == 'USA')&(vac_prev_death['Year'] >= 2006)&(vac_prev_death['Year'] < 2018)]\n",
    "vac_prev_death_clean = vac_prev_death_clean.sort_values(['Year'], ascending = (False))\n",
    "vac_prev_death_clean['total'] = vac_prev_death_clean[vac_list].sum(axis = 1)\n",
    "vac_prev_death_clean.insert(4, 'start_value_vd', 2412.136572)\n",
    "vac_prev_death_clean['score_vd'] = round((vac_prev_death_clean['total'] / vac_prev_death_clean['start_value_vd'])-1,4)\n",
    "vac_prev_death_clean = vac_prev_death_clean[['Entity', 'Year','score_vd']]"
   ]
  },
  {
   "cell_type": "code",
   "execution_count": 12,
   "id": "79f6773d",
   "metadata": {},
   "outputs": [],
   "source": [
    "#filter and clean health insurance coverage data\n",
    "health_ins_cov_clean = health_ins_cov[(health_ins_cov['Code'] == 'USA')&(health_ins_cov['Year'] >= 2006)&(health_ins_cov['Year'] < 2018)]\n",
    "health_ins_cov_clean = health_ins_cov_clean.sort_values(['Year'], ascending = (False))\n",
    "health_ins_cov_clean.insert(4, 'start_value_hi', 84.2)\n",
    "health_ins_cov_clean['score_hi'] = round((health_ins_cov_clean['Health Insurance Coverage US, Any Plan (US Current Population Survey (2014))'] / health_ins_cov_clean['start_value_hi'])-1,4)\n",
    "health_ins_cov_clean = health_ins_cov_clean[['Entity', 'Year','score_hi']]"
   ]
  },
  {
   "cell_type": "code",
   "execution_count": 13,
   "id": "e6f8e68a",
   "metadata": {},
   "outputs": [],
   "source": [
    "#filter and clean death by risk factor data - sanitiation\n",
    "death_risk_san_clean = death_risk[(death_risk['Code'] == 'USA')&(death_risk['Year'] >= 2006)&(death_risk['Year'] < 2018)]\n",
    "death_risk_san_clean = death_risk_san_clean.sort_values(['Year'], ascending = (False))\n",
    "death_risk_san_clean.insert(4, 'start_value_s', 664.778667)\n",
    "death_risk_san_clean['score_s'] = round((death_risk_san_clean['Deaths - Unsafe sanitation - Sex: Both - Age: All Ages (Number)'] / death_risk_san_clean['start_value_s'])-1,4)\n",
    "death_risk_san_clean = death_risk_san_clean[['Entity', 'Year','score_s']]"
   ]
  },
  {
   "cell_type": "code",
   "execution_count": 14,
   "id": "fd24636d",
   "metadata": {},
   "outputs": [],
   "source": [
    "#filter and clean death by risk factor data - water\n",
    "death_risk_clean = death_risk[(death_risk['Code'] == 'USA')&(death_risk['Year'] >= 2006)&(death_risk['Year'] < 2018)]\n",
    "death_risk_clean = death_risk_clean.sort_values(['Year'], ascending = (False))\n",
    "death_risk_clean.insert(4, 'start_value_w', 399.898736)\n",
    "death_risk_clean['score_w'] = round((death_risk_clean['Deaths - Unsafe water source - Sex: Both - Age: All Ages (Number)'] / death_risk_clean['start_value_w'])-1,4)\n",
    "death_risk_clean = death_risk_clean[['Entity', 'Year','score_w']]"
   ]
  },
  {
   "cell_type": "code",
   "execution_count": 15,
   "id": "c545a955",
   "metadata": {},
   "outputs": [],
   "source": [
    "#filter and clean death by suicide\n",
    "suicide_clean = suicide[(suicide['Code'] == 'USA')&(suicide['Year'] >= 2006)&(suicide['Year'] < 2018)]\n",
    "suicide_clean = suicide_clean.sort_values(['Year'], ascending = (False))\n",
    "suicide_clean.insert(4, 'start_value_su', 11.633350\t)\n",
    "suicide_clean['score_su'] = round((suicide_clean['Deaths - Self-harm - Sex: Both - Age: Age-standardized (Rate)'] / suicide_clean['start_value_su'])-1,4)\n",
    "suicide_clean = suicide_clean[['Entity', 'Year','score_su']]"
   ]
  },
  {
   "cell_type": "code",
   "execution_count": 16,
   "id": "50dae310",
   "metadata": {},
   "outputs": [],
   "source": [
    "#filter and clean death by HIV/AIDS\n",
    "inf_disease_clean = inf_disease[(inf_disease['Code'] == 'USA')&(inf_disease['Year'] >= 2006)&(inf_disease['Year'] < 2018)]\n",
    "inf_disease_clean = inf_disease_clean.sort_values(['Year'], ascending = (False))\n",
    "inf_disease_clean.insert(4, 'start_value_hiv', 43422.086238)\n",
    "inf_disease_clean['score_hiv'] = round((inf_disease_clean['Incidence - HIV/AIDS - Sex: Both - Age: All Ages (Number)'] / inf_disease_clean['start_value_hiv'])-1,4)\n",
    "inf_disease_clean = inf_disease_clean[['Entity', 'Year','score_hiv']]"
   ]
  },
  {
   "cell_type": "code",
   "execution_count": 17,
   "id": "a088ef58",
   "metadata": {},
   "outputs": [],
   "source": [
    "#filter and clean death by TB\n",
    "inf_disease_t_clean = inf_disease[(inf_disease['Code'] == 'USA')&(inf_disease['Year'] >= 2006)&(inf_disease['Year'] < 2018)]\n",
    "inf_disease_t_clean = inf_disease_t_clean.sort_values(['Year'], ascending = (False))\n",
    "inf_disease_t_clean.insert(4, 'start_value_t', 11464.262352)\n",
    "inf_disease_t_clean['score_t'] = round((inf_disease_t_clean['Incidence - Tuberculosis - Sex: Both - Age: All Ages (Number)'] / inf_disease_t_clean['start_value_t'])-1,4)\n",
    "inf_disease_t_clean = inf_disease_t_clean[['Entity', 'Year','score_t']]"
   ]
  },
  {
   "cell_type": "markdown",
   "id": "2a5e5dd3",
   "metadata": {},
   "source": [
    "# Merge dfs\n",
    "https://stackoverflow.com/questions/44327999/python-pandas-merge-multiple-dataframes"
   ]
  },
  {
   "cell_type": "code",
   "execution_count": 18,
   "id": "4b100173",
   "metadata": {},
   "outputs": [],
   "source": [
    "#merge dfs\n",
    "data_frames = [human_df_clean,\n",
    "               happiness_clean, \n",
    "               cancer_death_clean, \n",
    "               cancer_incidence_clean,\n",
    "               dalys_clean, \n",
    "               life_exp_clean,\n",
    "               mental_health_clean,\n",
    "               air_pollution_clean,\n",
    "               vac_prev_death_clean,\n",
    "               health_ins_cov_clean,\n",
    "               death_risk_san_clean,\n",
    "               death_risk_clean,\n",
    "               suicide_clean,\n",
    "               inf_disease_clean,\n",
    "               inf_disease_t_clean\n",
    "              ]\n",
    "\n",
    "df_merged = reduce(lambda  left,right: pd.merge(left,right,on=['Entity','Year'],how='outer'), data_frames)\n",
    "df_merged = df_merged.sort_values(['Year'], ascending = (False))"
   ]
  },
  {
   "cell_type": "markdown",
   "id": "03bee2fb",
   "metadata": {},
   "source": [
    "# Find correlation factors and explore"
   ]
  },
  {
   "cell_type": "code",
   "execution_count": 19,
   "id": "d586270d",
   "metadata": {
    "scrolled": true
   },
   "outputs": [
    {
     "data": {
      "text/html": [
       "<div>\n",
       "<style scoped>\n",
       "    .dataframe tbody tr th:only-of-type {\n",
       "        vertical-align: middle;\n",
       "    }\n",
       "\n",
       "    .dataframe tbody tr th {\n",
       "        vertical-align: top;\n",
       "    }\n",
       "\n",
       "    .dataframe thead th {\n",
       "        text-align: right;\n",
       "    }\n",
       "</style>\n",
       "<table border=\"1\" class=\"dataframe\">\n",
       "  <thead>\n",
       "    <tr style=\"text-align: right;\">\n",
       "      <th></th>\n",
       "      <th>Year</th>\n",
       "      <th>score_human</th>\n",
       "      <th>score_happy</th>\n",
       "      <th>score_cd</th>\n",
       "      <th>score_ci</th>\n",
       "      <th>score_d</th>\n",
       "      <th>score_le</th>\n",
       "      <th>score_mh</th>\n",
       "      <th>score_ap</th>\n",
       "      <th>score_vd</th>\n",
       "      <th>score_hi</th>\n",
       "      <th>score_s</th>\n",
       "      <th>score_w</th>\n",
       "      <th>score_su</th>\n",
       "      <th>score_hiv</th>\n",
       "      <th>score_t</th>\n",
       "    </tr>\n",
       "  </thead>\n",
       "  <tbody>\n",
       "    <tr>\n",
       "      <th>Year</th>\n",
       "      <td>1.000000</td>\n",
       "      <td>0.955838</td>\n",
       "      <td>0.748408</td>\n",
       "      <td>0.908653</td>\n",
       "      <td>0.449748</td>\n",
       "      <td>0.414359</td>\n",
       "      <td>0.884081</td>\n",
       "      <td>0.915627</td>\n",
       "      <td>0.991168</td>\n",
       "      <td>0.687945</td>\n",
       "      <td>0.679975</td>\n",
       "      <td>0.856825</td>\n",
       "      <td>0.969206</td>\n",
       "      <td>0.933658</td>\n",
       "      <td>0.713067</td>\n",
       "      <td>0.998058</td>\n",
       "    </tr>\n",
       "    <tr>\n",
       "      <th>score_human</th>\n",
       "      <td>0.955838</td>\n",
       "      <td>1.000000</td>\n",
       "      <td>0.732699</td>\n",
       "      <td>0.924473</td>\n",
       "      <td>0.464843</td>\n",
       "      <td>0.564339</td>\n",
       "      <td>0.939745</td>\n",
       "      <td>0.764939</td>\n",
       "      <td>0.929742</td>\n",
       "      <td>0.809182</td>\n",
       "      <td>0.434552</td>\n",
       "      <td>0.696654</td>\n",
       "      <td>0.959297</td>\n",
       "      <td>0.848511</td>\n",
       "      <td>0.538453</td>\n",
       "      <td>0.960711</td>\n",
       "    </tr>\n",
       "    <tr>\n",
       "      <th>score_happy</th>\n",
       "      <td>0.748408</td>\n",
       "      <td>0.732699</td>\n",
       "      <td>1.000000</td>\n",
       "      <td>0.639856</td>\n",
       "      <td>0.203455</td>\n",
       "      <td>0.219777</td>\n",
       "      <td>0.631729</td>\n",
       "      <td>0.745861</td>\n",
       "      <td>0.740726</td>\n",
       "      <td>0.445677</td>\n",
       "      <td>0.018427</td>\n",
       "      <td>0.731289</td>\n",
       "      <td>0.771699</td>\n",
       "      <td>0.787649</td>\n",
       "      <td>0.562970</td>\n",
       "      <td>0.746560</td>\n",
       "    </tr>\n",
       "    <tr>\n",
       "      <th>score_cd</th>\n",
       "      <td>0.908653</td>\n",
       "      <td>0.924473</td>\n",
       "      <td>0.639856</td>\n",
       "      <td>1.000000</td>\n",
       "      <td>0.749244</td>\n",
       "      <td>0.738348</td>\n",
       "      <td>0.983328</td>\n",
       "      <td>0.764673</td>\n",
       "      <td>0.895518</td>\n",
       "      <td>0.901477</td>\n",
       "      <td>0.596027</td>\n",
       "      <td>0.635612</td>\n",
       "      <td>0.939797</td>\n",
       "      <td>0.713959</td>\n",
       "      <td>0.381380</td>\n",
       "      <td>0.898714</td>\n",
       "    </tr>\n",
       "    <tr>\n",
       "      <th>score_ci</th>\n",
       "      <td>0.449748</td>\n",
       "      <td>0.464843</td>\n",
       "      <td>0.203455</td>\n",
       "      <td>0.749244</td>\n",
       "      <td>1.000000</td>\n",
       "      <td>0.803317</td>\n",
       "      <td>0.689878</td>\n",
       "      <td>0.564190</td>\n",
       "      <td>0.452374</td>\n",
       "      <td>0.756211</td>\n",
       "      <td>0.751497</td>\n",
       "      <td>0.197916</td>\n",
       "      <td>0.502831</td>\n",
       "      <td>0.164393</td>\n",
       "      <td>0.103667</td>\n",
       "      <td>0.417973</td>\n",
       "    </tr>\n",
       "    <tr>\n",
       "      <th>score_d</th>\n",
       "      <td>0.414359</td>\n",
       "      <td>0.564339</td>\n",
       "      <td>0.219777</td>\n",
       "      <td>0.738348</td>\n",
       "      <td>0.803317</td>\n",
       "      <td>1.000000</td>\n",
       "      <td>0.786093</td>\n",
       "      <td>0.247728</td>\n",
       "      <td>0.386573</td>\n",
       "      <td>0.929915</td>\n",
       "      <td>0.343662</td>\n",
       "      <td>0.022046</td>\n",
       "      <td>0.552526</td>\n",
       "      <td>0.086656</td>\n",
       "      <td>0.330000</td>\n",
       "      <td>0.407935</td>\n",
       "    </tr>\n",
       "    <tr>\n",
       "      <th>score_le</th>\n",
       "      <td>0.884081</td>\n",
       "      <td>0.939745</td>\n",
       "      <td>0.631729</td>\n",
       "      <td>0.983328</td>\n",
       "      <td>0.689878</td>\n",
       "      <td>0.786093</td>\n",
       "      <td>1.000000</td>\n",
       "      <td>0.679826</td>\n",
       "      <td>0.860797</td>\n",
       "      <td>0.942695</td>\n",
       "      <td>0.482022</td>\n",
       "      <td>0.552789</td>\n",
       "      <td>0.931586</td>\n",
       "      <td>0.681686</td>\n",
       "      <td>0.303990</td>\n",
       "      <td>0.880964</td>\n",
       "    </tr>\n",
       "    <tr>\n",
       "      <th>score_mh</th>\n",
       "      <td>0.915627</td>\n",
       "      <td>0.764939</td>\n",
       "      <td>0.745861</td>\n",
       "      <td>0.764673</td>\n",
       "      <td>0.564190</td>\n",
       "      <td>0.247728</td>\n",
       "      <td>0.679826</td>\n",
       "      <td>1.000000</td>\n",
       "      <td>0.933567</td>\n",
       "      <td>0.485126</td>\n",
       "      <td>0.924281</td>\n",
       "      <td>0.947487</td>\n",
       "      <td>0.819292</td>\n",
       "      <td>0.968136</td>\n",
       "      <td>0.869488</td>\n",
       "      <td>0.906532</td>\n",
       "    </tr>\n",
       "    <tr>\n",
       "      <th>score_ap</th>\n",
       "      <td>0.991168</td>\n",
       "      <td>0.929742</td>\n",
       "      <td>0.740726</td>\n",
       "      <td>0.895518</td>\n",
       "      <td>0.452374</td>\n",
       "      <td>0.386573</td>\n",
       "      <td>0.860797</td>\n",
       "      <td>0.933567</td>\n",
       "      <td>1.000000</td>\n",
       "      <td>0.663470</td>\n",
       "      <td>0.731615</td>\n",
       "      <td>0.872052</td>\n",
       "      <td>0.958858</td>\n",
       "      <td>0.932863</td>\n",
       "      <td>0.726797</td>\n",
       "      <td>0.989353</td>\n",
       "    </tr>\n",
       "    <tr>\n",
       "      <th>score_vd</th>\n",
       "      <td>0.687945</td>\n",
       "      <td>0.809182</td>\n",
       "      <td>0.445677</td>\n",
       "      <td>0.901477</td>\n",
       "      <td>0.756211</td>\n",
       "      <td>0.929915</td>\n",
       "      <td>0.942695</td>\n",
       "      <td>0.485126</td>\n",
       "      <td>0.663470</td>\n",
       "      <td>1.000000</td>\n",
       "      <td>0.379642</td>\n",
       "      <td>0.256205</td>\n",
       "      <td>0.774871</td>\n",
       "      <td>0.425120</td>\n",
       "      <td>0.013241</td>\n",
       "      <td>0.689147</td>\n",
       "    </tr>\n",
       "    <tr>\n",
       "      <th>score_hi</th>\n",
       "      <td>0.679975</td>\n",
       "      <td>0.434552</td>\n",
       "      <td>0.018427</td>\n",
       "      <td>0.596027</td>\n",
       "      <td>0.751497</td>\n",
       "      <td>0.343662</td>\n",
       "      <td>0.482022</td>\n",
       "      <td>0.924281</td>\n",
       "      <td>0.731615</td>\n",
       "      <td>0.379642</td>\n",
       "      <td>1.000000</td>\n",
       "      <td>0.760984</td>\n",
       "      <td>0.508430</td>\n",
       "      <td>0.770467</td>\n",
       "      <td>0.698136</td>\n",
       "      <td>0.653381</td>\n",
       "    </tr>\n",
       "    <tr>\n",
       "      <th>score_s</th>\n",
       "      <td>0.856825</td>\n",
       "      <td>0.696654</td>\n",
       "      <td>0.731289</td>\n",
       "      <td>0.635612</td>\n",
       "      <td>0.197916</td>\n",
       "      <td>0.022046</td>\n",
       "      <td>0.552789</td>\n",
       "      <td>0.947487</td>\n",
       "      <td>0.872052</td>\n",
       "      <td>0.256205</td>\n",
       "      <td>0.760984</td>\n",
       "      <td>1.000000</td>\n",
       "      <td>0.789596</td>\n",
       "      <td>0.918148</td>\n",
       "      <td>0.921227</td>\n",
       "      <td>0.843349</td>\n",
       "    </tr>\n",
       "    <tr>\n",
       "      <th>score_w</th>\n",
       "      <td>0.969206</td>\n",
       "      <td>0.959297</td>\n",
       "      <td>0.771699</td>\n",
       "      <td>0.939797</td>\n",
       "      <td>0.502831</td>\n",
       "      <td>0.552526</td>\n",
       "      <td>0.931586</td>\n",
       "      <td>0.819292</td>\n",
       "      <td>0.958858</td>\n",
       "      <td>0.774871</td>\n",
       "      <td>0.508430</td>\n",
       "      <td>0.789596</td>\n",
       "      <td>1.000000</td>\n",
       "      <td>0.853308</td>\n",
       "      <td>0.577059</td>\n",
       "      <td>0.966946</td>\n",
       "    </tr>\n",
       "    <tr>\n",
       "      <th>score_su</th>\n",
       "      <td>0.933658</td>\n",
       "      <td>0.848511</td>\n",
       "      <td>0.787649</td>\n",
       "      <td>0.713959</td>\n",
       "      <td>0.164393</td>\n",
       "      <td>0.086656</td>\n",
       "      <td>0.681686</td>\n",
       "      <td>0.968136</td>\n",
       "      <td>0.932863</td>\n",
       "      <td>0.425120</td>\n",
       "      <td>0.770467</td>\n",
       "      <td>0.918148</td>\n",
       "      <td>0.853308</td>\n",
       "      <td>1.000000</td>\n",
       "      <td>0.874666</td>\n",
       "      <td>0.937780</td>\n",
       "    </tr>\n",
       "    <tr>\n",
       "      <th>score_hiv</th>\n",
       "      <td>0.713067</td>\n",
       "      <td>0.538453</td>\n",
       "      <td>0.562970</td>\n",
       "      <td>0.381380</td>\n",
       "      <td>0.103667</td>\n",
       "      <td>0.330000</td>\n",
       "      <td>0.303990</td>\n",
       "      <td>0.869488</td>\n",
       "      <td>0.726797</td>\n",
       "      <td>0.013241</td>\n",
       "      <td>0.698136</td>\n",
       "      <td>0.921227</td>\n",
       "      <td>0.577059</td>\n",
       "      <td>0.874666</td>\n",
       "      <td>1.000000</td>\n",
       "      <td>0.711176</td>\n",
       "    </tr>\n",
       "    <tr>\n",
       "      <th>score_t</th>\n",
       "      <td>0.998058</td>\n",
       "      <td>0.960711</td>\n",
       "      <td>0.746560</td>\n",
       "      <td>0.898714</td>\n",
       "      <td>0.417973</td>\n",
       "      <td>0.407935</td>\n",
       "      <td>0.880964</td>\n",
       "      <td>0.906532</td>\n",
       "      <td>0.989353</td>\n",
       "      <td>0.689147</td>\n",
       "      <td>0.653381</td>\n",
       "      <td>0.843349</td>\n",
       "      <td>0.966946</td>\n",
       "      <td>0.937780</td>\n",
       "      <td>0.711176</td>\n",
       "      <td>1.000000</td>\n",
       "    </tr>\n",
       "  </tbody>\n",
       "</table>\n",
       "</div>"
      ],
      "text/plain": [
       "                 Year  score_human  score_happy  score_cd  score_ci   score_d  \\\n",
       "Year         1.000000     0.955838     0.748408  0.908653  0.449748  0.414359   \n",
       "score_human  0.955838     1.000000     0.732699  0.924473  0.464843  0.564339   \n",
       "score_happy  0.748408     0.732699     1.000000  0.639856  0.203455  0.219777   \n",
       "score_cd     0.908653     0.924473     0.639856  1.000000  0.749244  0.738348   \n",
       "score_ci     0.449748     0.464843     0.203455  0.749244  1.000000  0.803317   \n",
       "score_d      0.414359     0.564339     0.219777  0.738348  0.803317  1.000000   \n",
       "score_le     0.884081     0.939745     0.631729  0.983328  0.689878  0.786093   \n",
       "score_mh     0.915627     0.764939     0.745861  0.764673  0.564190  0.247728   \n",
       "score_ap     0.991168     0.929742     0.740726  0.895518  0.452374  0.386573   \n",
       "score_vd     0.687945     0.809182     0.445677  0.901477  0.756211  0.929915   \n",
       "score_hi     0.679975     0.434552     0.018427  0.596027  0.751497  0.343662   \n",
       "score_s      0.856825     0.696654     0.731289  0.635612  0.197916  0.022046   \n",
       "score_w      0.969206     0.959297     0.771699  0.939797  0.502831  0.552526   \n",
       "score_su     0.933658     0.848511     0.787649  0.713959  0.164393  0.086656   \n",
       "score_hiv    0.713067     0.538453     0.562970  0.381380  0.103667  0.330000   \n",
       "score_t      0.998058     0.960711     0.746560  0.898714  0.417973  0.407935   \n",
       "\n",
       "             score_le  score_mh  score_ap  score_vd  score_hi   score_s  \\\n",
       "Year         0.884081  0.915627  0.991168  0.687945  0.679975  0.856825   \n",
       "score_human  0.939745  0.764939  0.929742  0.809182  0.434552  0.696654   \n",
       "score_happy  0.631729  0.745861  0.740726  0.445677  0.018427  0.731289   \n",
       "score_cd     0.983328  0.764673  0.895518  0.901477  0.596027  0.635612   \n",
       "score_ci     0.689878  0.564190  0.452374  0.756211  0.751497  0.197916   \n",
       "score_d      0.786093  0.247728  0.386573  0.929915  0.343662  0.022046   \n",
       "score_le     1.000000  0.679826  0.860797  0.942695  0.482022  0.552789   \n",
       "score_mh     0.679826  1.000000  0.933567  0.485126  0.924281  0.947487   \n",
       "score_ap     0.860797  0.933567  1.000000  0.663470  0.731615  0.872052   \n",
       "score_vd     0.942695  0.485126  0.663470  1.000000  0.379642  0.256205   \n",
       "score_hi     0.482022  0.924281  0.731615  0.379642  1.000000  0.760984   \n",
       "score_s      0.552789  0.947487  0.872052  0.256205  0.760984  1.000000   \n",
       "score_w      0.931586  0.819292  0.958858  0.774871  0.508430  0.789596   \n",
       "score_su     0.681686  0.968136  0.932863  0.425120  0.770467  0.918148   \n",
       "score_hiv    0.303990  0.869488  0.726797  0.013241  0.698136  0.921227   \n",
       "score_t      0.880964  0.906532  0.989353  0.689147  0.653381  0.843349   \n",
       "\n",
       "              score_w  score_su  score_hiv   score_t  \n",
       "Year         0.969206  0.933658   0.713067  0.998058  \n",
       "score_human  0.959297  0.848511   0.538453  0.960711  \n",
       "score_happy  0.771699  0.787649   0.562970  0.746560  \n",
       "score_cd     0.939797  0.713959   0.381380  0.898714  \n",
       "score_ci     0.502831  0.164393   0.103667  0.417973  \n",
       "score_d      0.552526  0.086656   0.330000  0.407935  \n",
       "score_le     0.931586  0.681686   0.303990  0.880964  \n",
       "score_mh     0.819292  0.968136   0.869488  0.906532  \n",
       "score_ap     0.958858  0.932863   0.726797  0.989353  \n",
       "score_vd     0.774871  0.425120   0.013241  0.689147  \n",
       "score_hi     0.508430  0.770467   0.698136  0.653381  \n",
       "score_s      0.789596  0.918148   0.921227  0.843349  \n",
       "score_w      1.000000  0.853308   0.577059  0.966946  \n",
       "score_su     0.853308  1.000000   0.874666  0.937780  \n",
       "score_hiv    0.577059  0.874666   1.000000  0.711176  \n",
       "score_t      0.966946  0.937780   0.711176  1.000000  "
      ]
     },
     "execution_count": 19,
     "metadata": {},
     "output_type": "execute_result"
    }
   ],
   "source": [
    "df_corr = df_merged.corr()\n",
    "df_corr = abs(df_corr)\n",
    "df_corr"
   ]
  },
  {
   "cell_type": "code",
   "execution_count": 20,
   "id": "68e1e28d",
   "metadata": {},
   "outputs": [
    {
     "data": {
